Value HalfToPosInf HalfToNegInf HalfToEven HalfAwayFromZero HalfTowardsZero Floor Ceiling Truncate Cover
 -3.0           -3           -3         -3               -3              -3    -3      -3       -3    -3
 -2.9           -3           -3         -3               -3              -3    -3      -2       -2    -3
 -2.8           -3           -3         -3               -3              -3    -3      -2       -2    -3
 -2.7           -3           -3         -3               -3              -3    -3      -2       -2    -3
 -2.6           -3           -3         -3               -3              -3    -3      -2       -2    -3
 -2.5           -2           -3         -2               -3              -2    -3      -2       -2    -3
 -2.4           -2           -2         -2               -2              -2    -3      -2       -2    -3
 -2.3           -2           -2         -2               -2              -2    -3      -2       -2    -3
 -2.2           -2           -2         -2               -2              -2    -3      -2       -2    -3
 -2.1           -2           -2         -2               -2              -2    -3      -2       -2    -3
 -2.0           -2           -2         -2               -2              -2    -2      -2       -2    -2
 -1.9           -2           -2         -2               -2              -2    -2      -1       -1    -2
 -1.8           -2           -2         -2               -2              -2    -2      -1       -1    -2
 -1.7           -2           -2         -2               -2              -2    -2      -1       -1    -2
 -1.6           -2           -2         -2               -2              -2    -2      -1       -1    -2
 -1.5           -1           -2         -2               -2              -1    -2      -1       -1    -2
 -1.4           -1           -1         -1               -1              -1    -2      -1       -1    -2
 -1.3           -1           -1         -1               -1              -1    -2      -1       -1    -2
 -1.2           -1           -1         -1               -1              -1    -2      -1       -1    -2
 -1.1           -1           -1         -1               -1              -1    -2      -1       -1    -2
 -1.0           -1           -1         -1               -1              -1    -1      -1       -1    -1
 -0.9           -1           -1         -1               -1              -1    -1       0        0    -1
 -0.8           -1           -1         -1               -1              -1    -1       0        0    -1
 -0.7           -1           -1         -1               -1              -1    -1       0        0    -1
 -0.6           -1           -1         -1               -1              -1    -1       0        0    -1
 -0.5            0           -1          0               -1               0    -1       0        0    -1
 -0.4            0            0          0                0               0    -1       0        0    -1
 -0.3            0            0          0                0               0    -1       0        0    -1
 -0.2            0            0          0                0               0    -1       0        0    -1
 -0.1            0            0          0                0               0    -1       0        0    -1
 -0.0            0            0          0                0               0     0       0        0     0
  0.0            0            0          0                0               0     0       0        0     0
  0.1            0            0          0                0               0     0       1        0     1
  0.2            0            0          0                0               0     0       1        0     1
  0.3            0            0          0                0               0     0       1        0     1
  0.4            0            0          0                0               0     0       1        0     1
  0.5            1            0          0                1               0     0       1        0     1
  0.6            1            1          1                1               1     0       1        0     1
  0.7            1            1          1                1               1     0       1        0     1
  0.8            1            1          1                1               1     0       1        0     1
  0.9            1            1          1                1               1     0       1        0     1
  1.0            1            1          1                1               1     1       1        1     1
  1.1            1            1          1                1               1     1       2        1     2
  1.2            1            1          1                1               1     1       2        1     2
  1.3            1            1          1                1               1     1       2        1     2
  1.4            1            1          1                1               1     1       2        1     2
  1.5            2            1          2                2               1     1       2        1     2
  1.6            2            2          2                2               2     1       2        1     2
  1.7            2            2          2                2               2     1       2        1     2
  1.8            2            2          2                2               2     1       2        1     2
  1.9            2            2          2                2               2     1       2        1     2
  2.0            2            2          2                2               2     2       2        2     2
  2.1            2            2          2                2               2     2       3        2     3
  2.2            2            2          2                2               2     2       3        2     3
  2.3            2            2          2                2               2     2       3        2     3
  2.4            2            2          2                2               2     2       3        2     3
  2.5            3            2          2                3               2     2       3        2     3
  2.6            3            3          3                3               3     2       3        2     3
  2.7            3            3          3                3               3     2       3        2     3
  2.8            3            3          3                3               3     2       3        2     3
  2.9            3            3          3                3               3     2       3        2     3
  3.0            3            3          3                3               3     3       3        3     3
